20150901	4,9	89	O	40	29
20150902	6,7	64	O	33	0
20150903	6,1	64	NO	13	0
20150904	3	67	O	13	0
20150905	7,5	43	O	37	0
20150906	5,6	51	O	27	0,6
20150907	4,1	46	NO	7	0
20150908	4,6	52	NO	27	0
20150909	5,4	46	SE	15	0
20150910	7,1	50	NO	36	0
20150911	7,9	56	ONO	34	0
20150912	8,9	48	NO	18	0
20150913	8,3	56	NO	51	0
20150914	5,4	50	O	31	8
20150915	5,4	55	NO	14	0
20150916	10,4	37	ONO	8	0
20150917	12,4	39	0	0	0
20150918	14,4	34	NO	7	0
20150919	10	62	O	31	0
20150920	7,4	56	O	38	0,5
20150921	9,7	45	O	11	0
20150922	10,5	48	ONO	36	0
20150923	12	41	ONO	10	0
20150924	10	54	NO	54	0
20150925	5,8	49	NO	15	0
20150926	9	27	Variable	7	0
20150927	11,7	45	ESE	10	0
20150928	11,6	55	NE	16	0
20150929	9	51	O	46	0
20150930	6,7	81	O	29	7
20151001	1,9	70	O	33	3
20151002	6,6	68	O	50	0,6
20151003	5,1	88	O	42	17
20151004	6,7	81	O	50	33
20151005	4,9	89	NO	27	8
20151006	6,6	59	O	37	20
20151007	5,9	77	NO	15	0
20151008	8,3	53	NO	39	0
20151009	6,4	58	ONO	49	4,3
20151010	6,2	57	O	13	0,4
20151011	7,7	55	Variable	5	0
20151012	11	45	O	14	0
20151013	13,8	29	NO	29	0
20151014	13,6	52	O	37	0
20151015	16,6	29	Variable	7	0
20151016	15,7	43	O	40	0
20151017	9,8	62	O	31	0
20151018	10,2	48	NO	37	0
20151019	8,8	45	ONO	38	0
20151020	9,4	36	ONO	36	0
20151021	9,1	27	Variable	7	0
20151022	10,9	38	ONO	10	0
20151023	12,1	62	NO	40	0
20151024	10,5	53	ONO	39	0
20151025	9	50	NO	40	0
20151026	10,6	54	ONO	29	0
20151027	12,9	43	ONO	35	0
20151028	6,1	60	O	33	0,7
20151029	6,4	67	O	40	3
20151030	9	58	O	37	7
20151031	7,9	80	0	0	0
20151101	12,2	49	NO	7	3
20151102	11,5	42	O	18	0
20151103	11,2	47	ONO	37	0
20151104	12,2	37	NO	11	9,9
20151105	10,4	87	ONO	15	1,5
20151106	15,4	53	Variable	9	2
20151107	13,7	57	O	25	0
20151108	13,3	27	NO	18	0
20151109	14,8	45	NO	37	0
20151110	14,2	19	O	13	0
20151111	18,2	17	ONO	35	0
20151112	18,4	46	ONO	36	0,01
20151113	20,5	41	ONO	33	0
20151114	14,4	27	O	42	0
20151115	10,5	45	ONO	54	0
20151116	12,4	59	O	55	0
20151117	9	35	O	42	0
20151118	8,9	63	ONO	47	0
20151119	12,1	26	ONO	39	0
20151120	12,4	29	ONO	34	0
20151121	13,7	36	O	37	0
20151122	16,4	27	O	40	0
20151123	14,3	25	ONO	29	0
20151124	16,6	26	ONO	33	0
20151125	18,3	35	NO	39	0
20151126	18,7	31	ONO	38	0
20151127	17,8	23	NE	13	0
20151128	23	17	Variable	7	0
20151129	19,8	31	O	35	0
20151130	16,3	35	NO	20	0
20151201	20,9	30	E	22	0
20151202	18,2	51	Variable	13	0
20151203	14	86	0	0	0
20151204	19	32	N	11	5,2
20151205	23,3	35	N	11	0
20151206	21	26	ONO	31	0
20151207	19,3	15	ONO	37	0
20151208	16,4	38	ONO	54	0
20151209	13,7	48	NO	32	0
20151210	21,2	38	ONO	20	0
20151211	26,3	24	NO	16	0
20151212	19,2	38	O	38	0
20151213	17,9	42	ONO	42	0
20151214	17,2	53	O	57	0
20151215	16,5	56	ONO	34	13,5
20151216	8,9	82	ONO	46	23,5
20151217	10,9	40	ONO	13	0
20151218	16,3	32	NO	10	0
20151219	19,2	23	O	14	0
20151220	13	82	O	48	0,02
20151221	12,4	42	O	35	0,8
20151222	11,4	37	ONO	50	0
20151223	11,9	25	ONO	16	0
20151224	15,5	60	ONO	35	0,02
20151225	17,4	52	ONO	45	0
20151226	15,8	45	O	40	0
20151227	18,6	27	ONO	37	0,02
20151228	18,4	57	NO	35	0
20151229	18	57	O	55	0
20151230	13	43	ONO	40	5,8
20151231	15,1	26	NO	23	0
20160101	14,7	26	ONO	42	0
20160102	15,6	54	ONO	49	0
20160103	11,8	95	O	39	0
20160104	11,8	51	ONO	47	30,7
20160105	11,7	51	ONO	37	2,8
20160106	12,6	63	ONO	36	0
20160107	18,4	55	NO	20	0
20160108	20,8	47	NO	11	0
20160109	20,6	40	O	11	0
20160110	24,9	37	O	7	0
20160111	21,2	30	ONO	11	0
20160112	18,2	49	O	46	0
20160113	15,6	22	ONO	5	0
20160114	22,4	19	0	0	0
20160115	19,5	31	O	37	0
20160116	18,1	36	O	29	0
20160117	17,6	47	O	35	0
20160118	20,2	41	NO	24	0
20160119	20,2	35	NO	13	0
20160120	26,2	33	Variable	7	0
20160121	23	51	ONO	23	2,2
20160122	19,6	21	ONO	42	0
20160123	15,8	39	ONO	23	0
20160124	17,7	39	N	20	0
20160125	21,3	36	NNO	10	0,2
20160126	19,1	35	O	35	0
20160127	14,3	38	ONO	46	0
20160128	16,1	30	NO	20	0
20160129	20,1	32	ONO	12	0
20160130	14,1	33	O	48	0
20160131	16,3	26	NO	7	0
20160201	20,3	30	N	7	0
20160202	27,9	20	SE	11	0
20160203	24	35	Variable	10	0
20160204	22,5	28	OSO	6	0
20160205	24,2	30	NO	14	0
20160206	18,1	45	NO	48	0
20160207	16,4	44	O	29	0
20160208	15,4	37	O	42	0
20160209	10	56	O	37	0
20160210	12,6	39	ONO	34	0
20160211	15,3	29	0	0	0
20160212	18	38	Variable	11	0
20160213	22,8	25	0	0	0
20160214	23,2	20	O	29	0
20160215	21,4	46	NO	11	0
20160216	22	38	ONO	23	0
20160217	23,4	38	NO	37	0
20160218	19,2	46	ONO	37	0
20160219	15,3	39	ONO	31	0
20160220	14,2	39	NO	18	0
20160221	15,5	48	O	33	0
20160222	16,3	47	SE	12	0
20160223	14,5	60	E	3	23
20160224	15,6	62	ONO	5	0
20160225	19,1	55	ONO	15	0
20160226	19,7	49	NO	13,505	0
20160227	19,5	45	0	0	0
20160228	19,3	39	O	35	0
20160301	18,6	47	O	25	0
20160302	20	40	O	27	0
20160303	17,9	48	ONO	35	0
20160304	14,9	44	ONO	43	1,5
20160305	13,6	39	Variable	9	0
20160306	17,7	42	NO	5	0
20160307	21,2	43	0	0	0
20160308	20,7	46	NO	38	0
20160309	13,1	66	O	29	0
20160310	11,3	46	ONO	39	1,2
20160311	13,4	64	NO	46	2
20160312	10,5	59	O	40	2
20160313	9,6	61	O	35	3
20160314	7,8	54	O	33	8
20160315	9,4	55	O	40	1
20160316	11	77	O	16	7
20160317	6,4	92	0	0	35
20160318	10,1	61	O	35	5
20160319	11,8	57	O	42	0
20160320	8,4	56	0	0	0
20160321	12,4	33	N	11	0
20160322	13,4	68	O	53	0,2
20160323	13,9	50	O	53	0
20160324	9	34	ONO	6	0
20160325	10,2	58	NO	7	0
20160326	11,7	49	Variable	3	0
20160327	14,8	45	NO	13	0
20160328	17,2	58	NO	38	0
20160329	13,2	54	NNO	14	0
20160330	16,4	63	ONO	36	0
20160331	14,1	54	0	0	0
20160401	16,2	35	0	0	0
20160402	15,4	46	0	0	0
20160403	16,4	57	NO	24	0
20160404	12	61	O	57	0
20160405	8	45	O	25	3
20160406	5,8	61	Variable	3	0
20160407	9,1	54	NO	13	0
20160408	12,2	52	0	0	0
20160409	9,8	92	O	22	6
20160410	6,6	89	NO	24	18
20160411	3,4	89	O	14	52,5
20160412	7,4	61	O	29	2
20160413	10,8	37	SE	18	0
20160414	7,7	69	SE	5	0
20160415	11,3	69	0	0	0
20160416	15,1	61	NO	35	0
20160417	8,8	53	ONO	26	0
20160418	9,2	69	O	11	0
20160419	15,1	62	O	42	0
20160420	13,4	64	O	27	0
20160421	14,2	57	NO	20	0
20160422	8,3	61	O	33	0,5
20160423	5,6	60	0	0	0
20160424	6,4	67	ONO	5	0
20160425	8,3	63	0	0	0
20160426	8	87	ONO	26	0
20160427	6,7	66	ONO	38	12,8
20160428	5	65	NO	4	0
20160429	6,7	63	0	0	0
20160430	9,2	23	NE	32	0
20160501	6	90	SE	8	0
20160502	9	75	NO	27	6
20160503	7,2	60	ONO	21	0
20160504	4,3	65	SE	13	0
20160505	7,1	93	SE	15	0,2
20160506	10,3	82	0	0	1,2
20160507	9	85	0	0	0
20160508	9,1	92	SE	9	0,1
20160509	7,7	96	0	0	0
20160510	10	68	O	38	0
20160511	12,4	56	O	35	0
20160512	10,6	72	0	0	0
20160513	8	84	NO	20	0
20160514	6,2	73	O	33	4
20160515	6,3	60	NO	5	0,1
20160516	5,6	58	0	0	0
20160517	7,2	92	0	0	6
20160518	9,6	68	O	31	1
20160519	6,3	71	0	0	0
20160520	9,1	47	O	22	0
20160521	4,1	69	SE	5	0
20160522	4,2	72	0	0	0
20160523	7,1	66	Variable	3	0
20160524	6,5	86	Variable	4	0
20160525	9,3	76	Variable	4	0
20160526	7,4	72	ONO	31	4,8
20160527	7,3	64	N	19	0
20160528	6,3	81	O	31	12
20160529	7,4	62	O	24	0
20160530	0,4	96	0	0	1
20160531	1	75	E	6	4,5
20160601	-0,8	77	E	13	0
20160602	2,6	69	ESE	17	0
20160603	2,6	74	SSE	13	0
20160604	2,2	75	Variable	3	0
20160605	0,8	96	SO	7	0,2
20160606	7	52	O	33	7
20160607	4	88	SE	6	0
20160608	3,7	77	ONO	46	15,8
20160609	-0,3	96	ESE	15	0
20160610	-0,9	92	ESE	17	16,1
20160611	-2,6	78	S	9	4
20160612	2,6	74	O	22	0
20160613	-2,6	85	SE	16	0
20160614	-5,6	80	SE	5	0
20160615	-1,4	74	NO	5	0
20160616	8	79	O	33	0
20160617	12,2	68	NO	51	0
20160618	12,3	73	ONO	26	0
20160619	3,8	91	O	21	2,8
20160620	2,8	61	ONO	39	6,5
20160621	6,3	61	O	38	4
20160622	6,6	78	O	35	1,5
20160623	3,4	67	ONO	20	0
20160624	4,2	38	ONO	28	0
20160625	6,1	61	ONO	53	0,3
20160626	6,2	57	ONO	34	31
20160627	4,8	73	NO	38	17,9
20160628	6,1	65	NO	38	4,4
20160629	4,8	91	ONO	32	0
20160630	2,3	91	SE	18	43
20160701	0,4	96	0	0	17
20160702	-2,7	62	E	11	1
20160703	-1,5	64	E	18	0
20160704	-0,7	79	SE	13	0
20160705	1,4	79	E	11	0,8
20160706	2,7	86	SE	13	0
20160707	3,6	84	0	0	0
20160708	1,3	86	SE	13	0
20160709	-1,6	82	S	7	0
20160710	3,4	79	NO	1	0
20160711	12,9	77	NO	7	0
20160712	5,3	95	NO	5	10
20160713	7,2	92	O	9	20
20160714	5,31	81	NO	31	33
20160715	3	82	Variable	3	0
20160716	3,6	81	Variable	3	0
20160717	0,8	82	0	0	0
20160718	1,8	83	SE	9	0
20160719	2,3	70	SE	24	0
20160720	4,3	65	ONO	33	0
20160721	5,3	78	ONO	26	0
20160722	0	73	O	19	25
20160723	1,6	72	SE	1	0
20160724	3,5	48	SE	11	0
20160725	0,6	73	0	0	0
20160726	2,8	71	ESE	15	0
20160727	3,4	73	SE	5	0
20160728	4,5	60	NO	20	0
20160729	6,2	69	NO	33	0
20160730	4,3	47	O	37	0
20160731	2,4	64	0	0	0
20160801	3,3	70	Variable	3	0
20160802	3,6	57	Variable	3	0
20160803	5,4	68	NO	42	1
20160804	8	66	NO	50	0
20160805	8,9	83	O	35	16,4
20160806	4,4	86	O	25	9
20160807	5,3	65	NO	31	8
20160808	4,7	63	SE	18	0
20160809	5,7	63	S	7	0
20160810	3,7	82	S	5	0
20160811	5,8	67	0	0	0
20160812	5,8	67	0	0	0
20160813	6,8	80	O	11	0
20160814	6,9	65	O	33	0
20160815	4,6	57	ONO	18	0
20160816	5,4	59	0	0	0
20160817	7,4	68	NO	38	0
20160818	10,2	58	O	33	0
20160819	3,9	47	O	30	3
20160820	2,4	54	SE	6	0,3
20160821	5,7	35	ESE	20	0
20160822	4	60	Variable	3	0
20160823	11,5	29	NNO	17	0
20160824	3,8	78	ONO	21	11
20160825	2,9	55	ONO	33	0
20160826	6,9	77	ONO	43	0
20160827	12,9	58	ONO	36	0,2
20160828	11,1	63	O	46	0
20160829	8,3	63	O	50	0
20160830	5,1	82	O	7	4
20160831	5,1	47	E	14	
20160901	2,5	70	NE	5	0
