# FWI TEST DATA USING FILE proyecto_grani/datos_meteorologicos.txt 
# INITIAL VALUES FOR FFMC: 21.20, DMC: 0.10, DC: 0.60 

#DATE		 TEMP	  RH	WIND(S)	 WIND(V) RAIN	 FFMC	 DMC	 DC	 ISI	 BUI	 FWI	 DSR 
20150902	 6.70	 64.00	 O	 33.00	 0.00	 52.80	 0.56	 1.51	 1.19	 0.58	 0.29	 0.00	BABBB 
20150903	 6.10	 64.00	 NO	 13.00	 0.00	 67.35	 0.99	 2.31	 1.11	 0.96	 0.29	 0.00	BABBB 
20150904	 3.00	 67.00	 O	 13.00	 0.00	 74.05	 1.21	 2.56	 1.40	 1.13	 0.38	 0.00	BABBB 
20150905	 7.50	 43.00	 O	 37.00	 0.00	 82.99	 2.02	 3.61	 10.40	 1.87	 5.67	 0.59	AEBBB 
20150906	 5.60	 51.00	 O	 27.00	 0.60	 83.42	 2.56	 4.32	 6.65	 2.38	 3.83	 0.29	AEBMB 
20150907	 4.10	 46.00	 NO	 7.00	 0.00	 84.56	 3.02	 4.76	 2.82	 2.81	 0.97	 0.03	MXBMB 
20150908	 4.60	 52.00	 NO	 27.00	 0.00	 84.61	 3.47	 5.30	 7.78	 3.25	 5.07	 0.48	AEBMB 
20150909	 5.40	 46.00	 SE	 15.00	 0.00	 85.30	 4.05	 5.97	 4.68	 3.81	 3.08	 0.20	AEBMB 
20150910	 7.10	 50.00	 NO	 36.00	 0.00	 85.35	 4.73	 6.95	 13.57	 4.49	 9.49	 1.46	AEMMB 
20150911	 7.90	 56.00	 ONO	 34.00	 0.00	 85.40	 5.38	 8.08	 12.35	 5.15	 9.20	 1.38	AEMMB 
20150912	 8.90	 48.00	 NO	 18.00	 0.00	 85.78	 6.24	 9.39	 5.81	 6.01	 4.87	 0.45	AEBMB 
20150913	 8.30	 56.00	 NO	 51.00	 0.00	 85.82	 6.92	 10.58	 30.85	 6.70	 20.64	 5.78	AEAAM 
20150914	 5.40	 50.00	 O	 31.00	 8.00	 55.88	 3.75	 0.68	 1.44	 2.95	 0.50	 0.01	BABMB 
20150915	 5.40	 55.00	 NO	 14.00	 0.00	 70.70	 4.23	 1.35	 1.30	 3.52	 0.48	 0.01	BABMB 
20150916	 10.40	 37.00	 ONO	 8.00	 0.00	 81.62	 5.43	 2.93	 2.04	 4.83	 0.86	 0.02	MXBMB 
20150917	 12.40	 39.00	 0	 0.00	 0.00	 84.88	 6.78	 4.86	 2.07	 6.27	 0.99	 0.03	MXBMB 
20150918	 14.40	 34.00	 NO	 7.00	 0.00	 88.05	 8.47	 7.16	 4.61	 8.01	 4.43	 0.38	AEBMM 
20150919	 10.00	 62.00	 O	 31.00	 0.00	 85.96	 9.17	 8.66	 11.48	 8.74	 10.71	 1.81	AEMMM 
20150920	 7.40	 56.00	 O	 38.00	 0.50	 85.90	 9.78	 9.70	 16.19	 9.37	 14.50	 3.09	AEMMM 
20150921	 9.70	 45.00	 O	 11.00	 0.00	 86.36	 10.76	 11.15	 4.43	 10.37	 4.90	 0.45	AEBMM 
20150922	 10.50	 48.00	 ONO	 36.00	 0.00	 86.41	 11.75	 12.74	 15.73	 11.38	 15.38	 3.43	AEMMM 
20150923	 12.00	 41.00	 ONO	 10.00	 0.00	 87.28	 13.03	 14.61	 4.81	 12.66	 5.93	 0.63	AEMMM 
20150924	 10.00	 54.00	 NO	 54.00	 0.00	 86.76	 13.87	 16.11	 40.92	 13.52	 32.54	 12.93	AEXEE 
20150925	 5.80	 49.00	 NO	 15.00	 0.00	 86.78	 14.45	 16.86	 5.75	 14.10	 7.43	 0.95	AEMMM 
20150926	 9.00	 27.00	 Var	 7.00	 0.00	 88.85	 15.66	 18.18	 5.17	 15.31	 7.05	 0.86	AEMMM 
20150927	 11.70	 45.00	 ESE	 10.00	 0.00	 88.59	 16.82	 19.99	 5.79	 16.48	 8.12	 1.11	AEMMM 
20150928	 11.60	 55.00	 NE	 16.00	 0.00	 87.27	 17.77	 21.79	 6.49	 17.43	 9.24	 1.39	AEMMM 
20150929	 9.00	 51.00	 O	 46.00	 0.00	 87.04	 18.58	 23.11	 28.46	 18.25	 28.77	 10.39	AEXEE 
20150930	 6.70	 81.00	 O	 29.00	 7.00	 46.67	 10.57	 14.66	 0.45	 10.30	 0.28	 0.00	BBBMM 
20151001	 1.90	 70.00	 O	 33.00	 3.00	 49.35	 7.63	 13.47	 0.80	 7.47	 0.41	 0.01	BMBMM 
20151002	 6.60	 68.00	 O	 50.00	 0.60	 69.24	 8.10	 15.62	 7.58	 7.97	 7.19	 0.89	AEMMM 
20151003	 5.10	 88.00	 O	 42.00	 17.00	 30.75	 3.53	 1.87	 0.04	 2.93	 0.01	 0.00	BBBMB 
20151004	 6.70	 81.00	 O	 50.00	 33.00	 31.73	 1.33	 2.16	 0.07	 1.13	 0.02	 0.00	BBBBB 
20151005	 4.90	 89.00	 NO	 27.00	 8.00	 23.32	 0.14	 1.84	 0.00	 0.23	 0.00	 0.00	BBBBB 
20151006	 6.60	 59.00	 O	 37.00	 20.00	 40.43	 0.60	 2.14	 0.24	 0.70	 0.06	 0.00	BBBBB 
20151007	 5.90	 77.00	 NO	 15.00	 0.00	 56.10	 0.90	 4.16	 0.65	 1.17	 0.18	 0.00	BMBBB 
20151008	 8.30	 53.00	 NO	 39.00	 0.00	 75.68	 1.74	 6.61	 5.68	 2.10	 3.04	 0.20	AEBMB 
20151009	 6.40	 58.00	 ONO	 49.00	 4.30	 63.15	 0.97	 4.14	 5.75	 1.23	 2.59	 0.15	AEBBB 
20151010	 6.20	 57.00	 O	 13.00	 0.40	 74.33	 1.57	 6.21	 1.42	 1.92	 0.44	 0.01	BABBB 
20151011	 7.70	 55.00	 Var	 5.00	 0.00	 79.57	 2.32	 8.55	 1.40	 2.76	 0.48	 0.01	BABMB 
20151012	 11.00	 45.00	 O	 14.00	 0.00	 84.44	 3.58	 11.48	 3.95	 4.02	 2.54	 0.14	AEBMB 
20151013	 13.80	 29.00	 NO	 29.00	 0.00	 89.17	 5.58	 14.92	 16.40	 5.77	 12.13	 2.25	AEMMB 
20151014	 13.60	 52.00	 O	 37.00	 0.00	 87.87	 6.92	 18.32	 20.37	 7.12	 15.52	 3.49	AEMMM 
20151015	 16.60	 29.00	 Var	 7.00	 0.00	 90.04	 9.30	 22.26	 6.14	 9.28	 6.35	 0.72	AEMMM 
20151016	 15.70	 43.00	 O	 40.00	 0.00	 89.55	 11.11	 26.04	 30.16	 11.08	 24.45	 7.80	AEAXM 
20151017	 9.80	 62.00	 O	 31.00	 0.00	 86.30	 11.90	 28.76	 12.04	 11.88	 12.73	 2.46	AEMMM 
20151018	 10.20	 48.00	 NO	 37.00	 0.00	 86.35	 13.01	 31.55	 16.40	 13.00	 16.80	 4.01	AEMMM 
20151019	 8.80	 45.00	 ONO	 38.00	 0.00	 86.43	 14.04	 34.09	 17.45	 14.03	 18.19	 4.62	AEAMM 
20151020	 9.40	 36.00	 ONO	 36.00	 0.00	 87.78	 15.31	 36.74	 19.12	 15.29	 20.18	 5.55	AEAMM 
20151021	 9.10	 27.00	 Var	 7.00	 0.00	 89.22	 16.72	 39.33	 5.45	 16.69	 7.75	 1.02	AEMMM 
20151022	 10.90	 38.00	 ONO	 10.00	 0.00	 89.27	 18.13	 42.24	 6.39	 18.10	 9.29	 1.41	AEMMM 
20151023	 12.10	 62.00	 NO	 40.00	 0.00	 86.32	 19.08	 45.38	 19.02	 19.06	 22.14	 6.54	AEAMM 
20151024	 10.50	 53.00	 ONO	 39.00	 0.00	 86.37	 20.12	 48.22	 18.21	 20.10	 21.98	 6.46	AEAMM 
20151025	 9.00	 50.00	 NO	 40.00	 0.00	 86.42	 21.07	 50.79	 19.28	 21.05	 23.38	 7.20	AEAMM 
20151026	 10.60	 54.00	 ONO	 29.00	 0.00	 86.47	 22.09	 53.66	 11.15	 22.08	 16.03	 3.69	AEMMM 
20151027	 12.90	 43.00	 ONO	 35.00	 0.00	 87.26	 23.60	 56.93	 16.89	 23.59	 22.42	 6.69	AEAMM 
20151028	 6.10	 60.00	 O	 33.00	 0.70	 83.11	 24.15	 58.98	 8.63	 24.14	 13.77	 2.82	AEMMM 
20151029	 6.40	 67.00	 O	 40.00	 3.00	 65.80	 19.22	 58.32	 4.08	 21.07	 6.80	 0.81	AEMMM 
20151030	 9.00	 58.00	 O	 37.00	 7.00	 56.63	 11.50	 50.68	 2.07	 14.68	 2.54	 0.14	MXBMM 
20151031	 7.90	 80.00	 0	 0.00	 0.00	 60.93	 11.84	 53.06	 0.43	 15.20	 0.33	 0.00	BBBMM 
20151101	 12.20	 49.00	 NO	 7.00	 3.00	 60.58	 9.95	 54.92	 0.60	 13.70	 0.43	 0.01	BMBMM 
20151102	 11.50	 42.00	 O	 18.00	 0.00	 78.71	 11.50	 59.40	 2.48	 15.50	 3.33	 0.23	MXBMM 
20151103	 11.20	 47.00	 ONO	 37.00	 0.00	 84.62	 12.88	 63.82	 12.90	 17.12	 15.87	 3.63	AEMMM 
20151104	 12.20	 37.00	 NO	 11.00	 9.90	 57.59	 8.06	 52.69	 0.60	 11.67	 0.40	 0.01	BMBMM 
20151105	 10.40	 87.00	 ONO	 15.00	 1.50	 56.08	 8.38	 56.97	 0.65	 12.26	 0.44	 0.01	BMBMM 
20151106	 15.40	 53.00	 Var	 9.00	 2.00	 66.38	 8.55	 62.14	 0.87	 12.72	 0.60	 0.01	BMBMM 
20151107	 13.70	 57.00	 O	 25.00	 0.00	 79.71	 9.90	 67.01	 3.89	 14.46	 5.20	 0.50	AEBMM 
20151108	 13.30	 27.00	 NO	 18.00	 0.00	 87.99	 12.13	 71.81	 7.96	 17.06	 10.83	 1.84	AEMMM 
20151109	 14.80	 45.00	 NO	 37.00	 0.00	 88.04	 13.98	 76.88	 20.88	 19.23	 23.75	 7.40	AEAMM 
20151110	 14.20	 19.00	 O	 13.00	 0.00	 91.61	 16.61	 81.84	 10.39	 22.04	 15.18	 3.35	AEMMM 
20151111	 18.20	 17.00	 ONO	 35.00	 0.00	 93.60	 20.01	 87.52	 41.58	 25.47	 42.52	 20.76	AEXEE 
20151112	 18.40	 46.00	 ONO	 36.00	 0.01	 90.04	 22.25	 93.24	 26.46	 27.87	 32.90	 13.18	AEXEE 
20151113	 20.50	 41.00	 ONO	 33.00	 0.00	 90.09	 24.95	 99.33	 22.91	 30.65	 31.18	 11.99	AEXEE 
20151114	 14.40	 27.00	 O	 42.00	 0.00	 90.74	 27.35	 104.33	 39.55	 33.04	 46.02	 23.88	AEXEE 
20151115	 10.50	 45.00	 ONO	 54.00	 0.00	 88.76	 28.70	 108.62	 54.54	 34.57	 57.33	 35.23	AEEEE 
20151116	 12.40	 59.00	 O	 55.00	 0.00	 86.60	 29.88	 113.26	 42.12	 36.01	 49.69	 27.35	AEEEE 
20151117	 9.00	 35.00	 O	 42.00	 0.00	 87.94	 31.27	 117.28	 26.46	 37.53	 37.59	 16.69	AEXEE 
20151118	 8.90	 63.00	 ONO	 47.00	 0.00	 85.59	 32.05	 121.29	 24.39	 38.60	 36.10	 15.54	AEXEE 
20151119	 12.10	 26.00	 ONO	 39.00	 0.00	 89.74	 34.13	 125.87	 29.46	 40.68	 41.79	 20.13	AEXEE 
20151120	 12.40	 29.00	 ONO	 34.00	 0.00	 90.03	 36.16	 130.50	 23.88	 42.72	 37.29	 16.45	AEXEE 
20151121	 13.70	 36.00	 O	 37.00	 0.00	 90.08	 38.17	 135.37	 27.97	 44.78	 42.21	 20.49	AEXEE 
20151122	 16.40	 27.00	 O	 40.00	 0.00	 91.04	 40.88	 140.73	 37.29	 47.36	 51.91	 29.55	AEEEE 
20151123	 14.30	 25.00	 ONO	 29.00	 0.00	 91.24	 43.33	 145.71	 22.07	 49.71	 37.99	 17.00	AEXEE 
20151124	 16.60	 26.00	 ONO	 33.00	 0.00	 91.41	 46.11	 151.10	 27.65	 52.31	 44.96	 22.91	AEXEE 
20151125	 18.30	 35.00	 NO	 39.00	 0.00	 91.35	 48.78	 156.80	 37.07	 54.88	 55.21	 32.95	AEEEE 
20151126	 18.70	 31.00	 ONO	 38.00	 0.00	 91.40	 51.68	 162.57	 35.50	 57.59	 54.91	 32.64	AEEEE 
20151127	 17.80	 23.00	 NE	 13.00	 0.00	 92.14	 54.77	 168.18	 11.20	 60.38	 26.47	 8.97	AEAAM 
20151128	 23.00	 17.00	 Var	 7.00	 0.00	 94.21	 59.01	 174.72	 11.05	 63.99	 27.00	 9.29	AEAAM 
20151129	 19.80	 31.00	 O	 35.00	 0.00	 92.72	 62.07	 180.69	 36.80	 66.78	 59.98	 38.16	AEEEE 
20151130	 16.30	 35.00	 NO	 20.00	 0.00	 91.48	 64.47	 186.03	 14.51	 69.08	 33.71	 13.77	AEXAM 
20151201	 20.90	 30.00	 E	 22.00	 0.00	 91.53	 67.91	 193.19	 16.16	 72.29	 37.00	 16.23	AEXAM 
20151202	 18.20	 51.00	 Var	 13.00	 0.00	 89.20	 70.02	 199.87	 7.36	 74.66	 21.99	 6.46	AEAAM 
20151203	 14.00	 86.00	 0	 0.00	 0.00	 83.98	 70.50	 205.80	 1.84	 75.95	 7.38	 0.94	BAMAM 
20151204	 19.00	 32.00	 N	 11.00	 5.20	 72.18	 48.73	 202.71	 1.17	 60.88	 4.04	 0.32	BABAM 
20151205	 23.30	 35.00	 N	 11.00	 0.00	 87.37	 52.28	 210.31	 5.12	 64.48	 15.56	 3.50	AEMAM 
20151206	 21.00	 26.00	 ONO	 31.00	 0.00	 91.63	 55.93	 217.49	 25.77	 68.09	 48.52	 26.22	AEEEE 
20151207	 19.30	 15.00	 ONO	 37.00	 0.00	 94.26	 59.81	 224.37	 50.43	 71.78	 74.86	 56.49	AEEEE 
20151208	 16.40	 38.00	 ONO	 54.00	 0.00	 91.07	 62.23	 230.73	 75.92	 74.34	 96.52	 88.58	AEEEE 
20151209	 13.70	 48.00	 NO	 32.00	 0.00	 88.87	 63.95	 236.60	 18.27	 76.33	 41.13	 19.57	AEXAM 
20151210	 21.20	 38.00	 ONO	 20.00	 0.00	 89.63	 67.04	 243.82	 11.14	 79.46	 30.26	 11.37	AEXAM 
20151211	 26.30	 24.00	 NO	 16.00	 0.00	 93.10	 71.70	 251.96	 14.91	 83.79	 37.68	 16.76	AEXAM 
20151212	 19.20	 38.00	 O	 38.00	 0.00	 91.29	 74.51	 258.82	 34.99	 86.65	 65.35	 44.42	AEEEE 
20151213	 17.90	 42.00	 ONO	 42.00	 0.00	 90.20	 76.97	 265.44	 36.59	 89.25	 68.03	 47.70	AEEEE 
20151214	 17.20	 53.00	 O	 57.00	 0.00	 88.24	 78.90	 271.94	 58.81	 91.46	 90.97	 79.77	AEEEE 
20151215	 16.50	 56.00	 ONO	 34.00	 13.50	 63.87	 40.33	 241.47	 2.79	 56.90	 8.86	 1.29	MXMAM 
20151216	 8.90	 82.00	 ONO	 46.00	 23.50	 38.49	 15.78	 185.69	 0.26	 26.04	 0.28	 0.00	BBBMM 
20151217	 10.90	 40.00	 ONO	 13.00	 0.00	 67.77	 17.39	 191.06	 1.12	 28.34	 1.88	 0.08	BABMM 
20151218	 16.30	 32.00	 NO	 10.00	 0.00	 83.99	 20.04	 197.39	 3.04	 31.96	 6.67	 0.78	AEMAM 
20151219	 19.20	 23.00	 O	 14.00	 0.00	 90.99	 23.53	 204.25	 10.00	 36.54	 18.98	 4.98	AEAAM 
20151220	 13.00	 82.00	 O	 48.00	 0.02	 83.03	 24.10	 210.00	 18.19	 37.45	 29.27	 10.72	AEXAM 
20151221	 12.40	 42.00	 O	 35.00	 0.80	 85.01	 25.85	 215.63	 12.31	 39.78	 22.99	 6.99	AEAAM 
20151222	 11.40	 37.00	 ONO	 50.00	 0.00	 87.71	 27.61	 221.09	 38.35	 42.08	 50.14	 27.79	AEEEE 
20151223	 11.90	 25.00	 ONO	 16.00	 0.00	 90.08	 29.79	 226.64	 9.71	 44.84	 20.60	 5.76	AEAAM 
20151224	 15.50	 60.00	 ONO	 35.00	 0.02	 87.11	 31.27	 232.83	 16.53	 46.82	 30.49	 11.52	AEXAM 
20151225	 17.40	 52.00	 ONO	 45.00	 0.00	 87.16	 33.26	 239.37	 27.54	 49.37	 43.68	 21.77	AEXEE 
20151226	 15.80	 45.00	 O	 40.00	 0.00	 87.52	 35.33	 245.61	 22.53	 51.97	 39.30	 18.06	AEXEE 
20151227	 18.60	 27.00	 ONO	 37.00	 0.02	 91.05	 38.55	 252.37	 32.13	 55.79	 50.89	 28.53	AEEEE 
20151228	 18.40	 57.00	 NO	 35.00	 0.00	 88.00	 40.42	 259.08	 18.76	 58.16	 36.76	 16.05	AEXAM 
20151229	 18.00	 57.00	 O	 55.00	 0.00	 87.48	 42.26	 265.73	 47.74	 60.47	 67.22	 46.69	AEEEE 
20151230	 13.00	 43.00	 ONO	 40.00	 5.80	 70.52	 28.22	 258.14	 4.77	 44.33	 11.95	 2.19	AEMAM 
20151231	 15.10	 26.00	 NO	 23.00	 0.00	 86.76	 30.90	 264.26	 8.59	 47.82	 19.50	 5.22	AEAAM 
20160101	 14.70	 26.00	 ONO	 42.00	 0.00	 90.46	 33.45	 270.61	 38.00	 51.10	 54.31	 32.01	AEEEE 
20160102	 15.60	 54.00	 ONO	 49.00	 0.00	 87.97	 35.12	 277.12	 37.83	 53.34	 55.20	 32.94	AEEEE 
20160103	 11.80	 95.00	 O	 39.00	 0.00	 78.20	 35.26	 282.95	 6.84	 53.77	 17.52	 4.32	AEMAM 
20160104	 11.80	 51.00	 ONO	 47.00	 30.70	 58.87	 13.16	 202.18	 4.06	 22.64	 7.05	 0.86	AEMMM 
20160105	 11.70	 51.00	 ONO	 37.00	 2.80	 68.71	 11.24	 207.99	 3.87	 19.80	 6.24	 0.69	AEMMM 
20160106	 12.60	 63.00	 ONO	 36.00	 0.00	 79.70	 12.34	 213.96	 6.76	 21.58	 10.69	 1.80	AEMMM 
20160107	 18.40	 55.00	 NO	 20.00	 0.00	 84.79	 14.26	 220.98	 5.61	 24.55	 9.80	 1.55	AEMMM 
20160108	 20.80	 47.00	 NO	 11.00	 0.00	 87.34	 16.78	 228.43	 5.10	 28.36	 9.80	 1.55	AEMMM 
20160109	 20.60	 40.00	 O	 11.00	 0.00	 88.90	 19.62	 235.84	 6.37	 32.48	 12.67	 2.43	AEMAM 
20160110	 24.90	 37.00	 O	 7.00	 0.00	 90.29	 23.19	 244.03	 6.36	 37.47	 13.66	 2.78	AEMAM 
20160111	 21.20	 30.00	 ONO	 11.00	 0.00	 91.16	 26.59	 251.55	 8.81	 42.06	 18.58	 4.80	AEAAM 
20160112	 18.20	 49.00	 O	 46.00	 0.00	 89.13	 28.73	 258.53	 38.43	 44.97	 51.69	 29.33	AEEEE 
20160113	 15.60	 22.00	 ONO	 5.00	 0.00	 91.35	 31.57	 265.04	 6.69	 48.65	 16.34	 3.82	AEMAM 
20160114	 22.40	 19.00	 0	 0.00	 0.00	 93.22	 35.71	 272.77	 6.77	 53.81	 17.40	 4.27	AEMAM 
20160115	 19.50	 31.00	 O	 37.00	 0.00	 92.49	 38.81	 279.99	 39.37	 57.64	 58.55	 36.57	AEEEE 
20160116	 18.10	 36.00	 O	 29.00	 0.00	 91.41	 41.49	 286.95	 22.60	 60.95	 42.40	 20.66	AEXEE 
20160117	 17.60	 47.00	 O	 35.00	 0.00	 89.46	 43.65	 293.82	 23.14	 63.65	 43.93	 21.99	AEXEE 
20160118	 20.20	 41.00	 NO	 24.00	 0.00	 89.51	 46.38	 301.16	 13.39	 66.98	 31.47	 12.18	AEXAM 
20160119	 20.20	 35.00	 NO	 13.00	 0.00	 90.05	 49.40	 308.50	 8.32	 70.55	 23.29	 7.15	AEAAM 
20160120	 26.20	 33.00	 Var	 7.00	 0.00	 91.35	 53.38	 316.92	 7.40	 75.13	 22.15	 6.54	AEAAM 
20160121	 23.00	 51.00	 ONO	 23.00	 2.20	 82.15	 49.60	 324.77	 4.63	 71.79	 15.30	 3.40	AEMAM 
20160122	 19.60	 21.00	 ONO	 42.00	 0.00	 91.92	 53.17	 332.00	 46.78	 75.93	 73.38	 54.53	AEEEE 
20160123	 15.80	 39.00	 ONO	 23.00	 0.00	 90.62	 55.41	 338.55	 14.93	 78.64	 36.59	 15.91	AEXAM 
20160124	 17.70	 39.00	 N	 20.00	 0.00	 90.53	 57.91	 345.44	 12.66	 81.61	 33.40	 13.54	AEXAM 
20160125	 21.30	 36.00	 NNO	 10.00	 0.20	 90.58	 61.03	 352.97	 7.70	 85.22	 24.34	 7.73	AEAAM 
20160126	 19.10	 35.00	 O	 35.00	 0.00	 90.63	 63.89	 360.12	 27.34	 88.52	 56.78	 34.63	AEEEE 
20160127	 14.30	 38.00	 ONO	 46.00	 0.00	 90.21	 65.97	 366.39	 44.84	 90.99	 77.44	 59.99	AEEEE 
20160128	 16.10	 30.00	 NO	 20.00	 0.00	 90.45	 68.59	 373.00	 12.52	 93.98	 35.51	 15.09	AEXAM 
20160129	 20.10	 32.00	 ONO	 12.00	 0.00	 90.70	 71.73	 380.32	 8.67	 97.49	 28.26	 10.08	AEAAM 
20160130	 14.10	 33.00	 O	 48.00	 0.00	 90.75	 73.95	 386.56	 53.57	 100.05	 89.45	 77.42	AEEEE 
20160131	 16.30	 26.00	 NO	 7.00	 0.00	 91.23	 76.76	 393.20	 7.28	 103.16	 25.73	 8.53	AEAAM 
20160201	 20.30	 30.00	 N	 7.00	 0.00	 91.28	 79.73	 399.86	 7.33	 106.42	 26.24	 8.83	AEAAM 
20160202	 27.90	 20.00	 SE	 11.00	 0.00	 94.33	 84.35	 407.88	 13.74	 111.21	 40.68	 19.19	AEXAM 
20160203	 24.00	 35.00	 Var	 10.00	 0.00	 92.81	 87.59	 415.21	 10.57	 114.70	 34.74	 14.51	AEXAM 
20160204	 22.50	 28.00	 OSO	 6.00	 0.00	 92.86	 90.97	 422.26	 8.71	 118.25	 30.90	 11.80	AEXAM 
20160205	 24.20	 30.00	 NO	 14.00	 0.00	 92.91	 94.49	 429.62	 13.12	 121.94	 40.96	 19.43	AEXAM 
20160206	 18.10	 45.00	 NO	 48.00	 0.00	 89.97	 96.59	 435.88	 47.92	 124.32	 90.88	 79.62	AEEEE 
20160207	 16.40	 44.00	 O	 29.00	 0.00	 89.50	 98.54	 441.84	 17.21	 126.53	 49.34	 27.01	AEEAM 
20160208	 15.40	 37.00	 O	 42.00	 0.00	 89.55	 100.61	 447.61	 33.37	 128.83	 74.35	 55.82	AEEEE 
20160209	 10.00	 56.00	 O	 37.00	 0.00	 87.06	 101.58	 452.42	 18.15	 130.12	 51.49	 29.13	AEEAM 
20160210	 12.60	 39.00	 ONO	 34.00	 0.00	 87.93	 103.24	 457.69	 17.66	 132.03	 50.86	 28.51	AEEAM 
20160211	 15.30	 29.00	 0	 0.00	 0.00	 89.47	 105.56	 463.45	 3.97	 134.52	 18.75	 4.87	AEMAM 
20160212	 18.00	 38.00	 Var	 11.00	 0.00	 89.52	 107.91	 469.69	 6.97	 137.09	 28.07	 9.95	AEAAM 
20160213	 22.80	 25.00	 0	 0.00	 0.00	 91.71	 111.48	 476.80	 5.47	 140.71	 23.96	 7.52	AEAAM 
20160214	 23.20	 20.00	 O	 29.00	 0.00	 93.70	 115.35	 483.98	 31.20	 144.56	 73.91	 55.23	AEEEE 
20160215	 21.40	 46.00	 NO	 11.00	 0.00	 90.73	 117.76	 490.84	 8.29	 147.22	 32.28	 12.75	AEXAM 
20160216	 22.00	 38.00	 ONO	 23.00	 0.00	 90.78	 120.61	 497.80	 15.28	 150.23	 48.26	 25.97	AEEAM 
20160217	 23.40	 38.00	 NO	 37.00	 0.00	 90.83	 123.63	 505.02	 31.15	 153.39	 74.96	 56.62	AEEEE 
20160218	 19.20	 46.00	 ONO	 37.00	 0.00	 89.70	 125.81	 511.48	 26.49	 155.81	 68.29	 48.01	AEEEE 
20160219	 15.30	 39.00	 ONO	 31.00	 0.00	 89.75	 127.80	 517.23	 19.72	 158.00	 57.26	 35.15	AEEAM 
20160220	 14.20	 39.00	 NO	 18.00	 0.00	 89.80	 129.66	 522.79	 10.32	 160.07	 38.12	 17.11	AEXAM 
20160221	 15.50	 48.00	 O	 33.00	 0.00	 88.79	 131.37	 528.59	 19.00	 162.05	 56.28	 34.09	AEEAM 
20160222	 16.30	 47.00	 SE	 12.00	 0.00	 88.83	 133.21	 534.53	 6.64	 164.15	 28.59	 10.28	AEAAM 
20160223	 14.50	 60.00	 E	 3.00	 23.00	 41.18	 57.32	 424.96	 0.05	 85.74	 0.13	 0.00	BBBAM 
20160224	 15.60	 62.00	 ONO	 5.00	 0.00	 63.44	 58.59	 430.77	 0.63	 87.44	 2.65	 0.15	BMBAM 
20160225	 19.10	 55.00	 ONO	 15.00	 0.00	 80.24	 60.39	 437.22	 2.48	 89.78	 10.65	 1.79	MXMAM 
20160226	 19.70	 49.00	 NO	 13.51	 0.00	 85.87	 62.50	 443.77	 4.69	 92.45	 17.78	 4.44	AEMAM 
20160227	 19.50	 45.00	 0	 0.00	 0.00	 87.22	 64.76	 450.28	 2.88	 95.26	 12.42	 2.35	MXMAM 
20160228	 19.30	 39.00	 O	 35.00	 0.00	 88.99	 67.23	 456.76	 21.62	 98.29	 51.44	 29.08	AEEEE 
20160301	 18.60	 47.00	 O	 25.00	 0.00	 89.03	 69.05	 461.81	 13.15	 100.52	 37.85	 16.90	AEXAM 
20160302	 20.00	 40.00	 O	 27.00	 0.00	 89.17	 71.26	 467.11	 14.83	 103.17	 41.38	 19.78	AEXAM 
20160303	 17.90	 48.00	 ONO	 35.00	 0.00	 88.97	 72.98	 472.04	 21.57	 105.27	 52.91	 30.57	AEEEE 
20160304	 14.90	 44.00	 ONO	 43.00	 1.50	 83.65	 74.54	 476.43	 15.33	 107.16	 42.98	 21.16	AEXAM 
20160305	 13.60	 39.00	 Var	 9.00	 0.00	 86.89	 76.10	 480.58	 4.32	 109.04	 18.21	 4.63	AEAAM 
20160306	 17.70	 42.00	 NO	 5.00	 0.00	 87.99	 78.00	 485.47	 4.13	 111.30	 17.80	 4.45	AEAAM 
20160307	 21.20	 43.00	 0	 0.00	 0.00	 88.52	 80.22	 490.99	 3.47	 113.91	 15.77	 3.59	AEMAM 
20160308	 20.70	 46.00	 NO	 38.00	 0.00	 88.57	 82.27	 496.42	 23.68	 116.34	 58.33	 36.32	AEEEE 
20160309	 13.10	 66.00	 O	 29.00	 0.00	 85.80	 83.11	 500.48	 10.15	 117.46	 34.13	 14.06	AEXAM 
20160310	 11.30	 46.00	 ONO	 39.00	 1.20	 82.68	 84.28	 504.22	 11.06	 118.88	 36.30	 15.69	AEXAM 
20160311	 13.40	 64.00	 NO	 46.00	 2.00	 76.08	 75.74	 508.33	 8.29	 110.37	 29.03	 10.57	AEXAM 
20160312	 10.50	 59.00	 O	 40.00	 2.00	 73.67	 68.61	 511.93	 5.38	 102.79	 20.75	 5.83	AEAAM 
20160313	 9.60	 61.00	 O	 35.00	 3.00	 66.75	 54.67	 506.82	 3.28	 86.11	 13.01	 2.55	AEMAM 
20160314	 7.80	 54.00	 O	 33.00	 8.00	 54.57	 31.36	 474.05	 1.41	 53.82	 4.49	 0.39	BABAM 
20160315	 9.40	 55.00	 O	 40.00	 1.00	 72.88	 32.18	 477.45	 5.20	 55.08	 14.42	 3.06	AEMAM 
20160316	 11.00	 77.00	 O	 16.00	 7.00	 45.56	 18.57	 452.68	 0.20	 33.69	 0.26	 0.00	BBBAM 
20160317	 6.40	 92.00	 0	 0.00	 35.00	 6.76	 7.19	 314.17	 0.00	 13.60	 0.00	 0.00	BBBMM 
20160318	 10.10	 61.00	 O	 35.00	 5.00	 44.55	 4.61	 305.45	 0.45	 8.89	 0.25	 0.00	BBBMM 
20160319	 11.80	 57.00	 O	 42.00	 0.00	 72.89	 5.58	 309.27	 5.75	 10.67	 6.42	 0.73	AEMMM 
20160320	 8.40	 56.00	 0	 0.00	 0.00	 77.14	 6.31	 312.49	 0.88	 12.00	 0.59	 0.01	BMBMM 
20160321	 12.40	 33.00	 N	 11.00	 0.00	 85.56	 7.88	 316.43	 3.96	 14.84	 5.37	 0.53	AEBMM 
20160322	 13.40	 68.00	 O	 53.00	 0.20	 84.90	 8.69	 320.54	 30.00	 16.28	 28.43	 10.18	AEAEE 
20160323	 13.90	 50.00	 O	 53.00	 0.00	 86.15	 10.00	 324.75	 35.72	 18.56	 33.75	 13.79	AEXEE 
20160324	 9.00	 34.00	 ONO	 6.00	 0.00	 87.63	 11.16	 328.07	 4.13	 20.57	 6.78	 0.80	AEMMM 
20160325	 10.20	 58.00	 NO	 7.00	 0.00	 86.60	 11.99	 331.61	 3.75	 21.98	 6.45	 0.74	AEMMM 
20160326	 11.70	 49.00	 Var	 3.00	 0.00	 86.65	 13.12	 335.42	 3.09	 23.91	 5.63	 0.58	AEMMM 
20160327	 14.80	 45.00	 NO	 13.00	 0.00	 87.22	 14.65	 339.79	 5.54	 26.44	 10.11	 1.63	AEMMM 
20160328	 17.20	 58.00	 NO	 38.00	 0.00	 87.13	 15.99	 344.59	 19.29	 28.65	 26.90	 9.23	AEAMM 
20160329	 13.20	 54.00	 NNO	 14.00	 0.00	 87.14	 17.13	 348.67	 5.76	 30.52	 11.30	 1.99	AEMMM 
20160330	 16.40	 63.00	 ONO	 36.00	 0.00	 86.29	 18.26	 353.33	 15.48	 32.34	 24.44	 7.79	AEAAM 
20160331	 14.10	 54.00	 0	 0.00	 0.00	 86.34	 19.48	 357.57	 2.54	 34.29	 5.89	 0.63	MXMAM 
20160401	 16.20	 35.00	 0	 0.00	 0.00	 88.16	 21.16	 361.19	 3.29	 36.92	 7.84	 1.04	AEMAM 
20160402	 15.40	 46.00	 0	 0.00	 0.00	 88.21	 22.49	 364.66	 3.31	 38.98	 8.16	 1.12	AEMAM 
20160403	 16.40	 57.00	 NO	 24.00	 0.00	 87.37	 23.62	 368.32	 9.85	 40.71	 19.82	 5.38	AEAAM 
20160404	 12.00	 61.00	 O	 57.00	 0.00	 86.04	 24.38	 371.18	 43.00	 41.89	 53.74	 31.42	AEEEE 
20160405	 8.00	 45.00	 O	 25.00	 3.00	 70.29	 19.69	 367.30	 2.22	 34.73	 5.21	 0.51	MXBAM 
20160406	 5.80	 61.00	 Var	 3.00	 0.00	 75.82	 20.09	 369.05	 0.93	 35.37	 1.78	 0.08	BMBAM 
20160407	 9.10	 54.00	 NO	 13.00	 0.00	 81.39	 20.80	 371.39	 2.55	 36.49	 6.16	 0.68	MXMAM 
20160408	 12.20	 52.00	 0	 0.00	 0.00	 83.35	 21.75	 374.29	 1.69	 37.98	 4.17	 0.34	BABAM 
20160409	 9.80	 92.00	 O	 22.00	 6.00	 38.67	 13.02	 358.56	 0.08	 23.88	 0.08	 0.00	BBBMM 
20160410	 6.60	 89.00	 NO	 24.00	 18.00	 20.70	 5.75	 299.41	 0.00	 10.98	 0.00	 0.00	BBBMM 
20160411	 3.40	 89.00	 O	 14.00	 52.50	 11.98	 2.14	 154.84	 0.00	 4.13	 0.00	 0.00	BBBMB 
20160412	 7.40	 61.00	 O	 29.00	 2.00	 44.20	 1.74	 156.88	 0.31	 3.38	 0.11	 0.00	BBBMB 
20160413	 10.80	 37.00	 SE	 18.00	 0.00	 72.51	 2.86	 159.53	 1.69	 5.47	 0.76	 0.02	BABMB 
20160414	 7.70	 69.00	 SE	 5.00	 0.00	 76.79	 3.27	 161.62	 1.10	 6.22	 0.52	 0.01	BABMB 
20160415	 11.30	 69.00	 0	 0.00	 0.00	 78.73	 3.84	 164.35	 1.00	 7.26	 0.51	 0.01	BABMM 
20160416	 15.10	 61.00	 NO	 35.00	 0.00	 83.35	 4.79	 167.78	 9.85	 8.94	 9.52	 1.47	AEMMM 
20160417	 8.80	 53.00	 ONO	 26.00	 0.00	 84.55	 5.48	 170.06	 7.34	 10.15	 7.82	 1.04	AEMMM 
20160418	 9.20	 69.00	 O	 11.00	 0.00	 84.15	 5.96	 172.42	 3.27	 10.97	 3.64	 0.27	AEBMM 
20160419	 15.10	 62.00	 O	 42.00	 0.00	 84.48	 6.88	 175.85	 16.30	 12.54	 16.47	 3.87	AEMMM 
20160420	 13.40	 64.00	 O	 27.00	 0.00	 84.53	 7.66	 178.96	 7.70	 13.85	 9.50	 1.46	AEMMM 
20160421	 14.20	 57.00	 NO	 20.00	 0.00	 85.07	 8.65	 182.22	 5.83	 15.46	 7.89	 1.05	AEMMM 
20160422	 8.30	 61.00	 O	 33.00	 0.50	 85.12	 9.20	 184.42	 11.30	 16.35	 14.03	 2.92	AEMMM 
20160423	 5.60	 60.00	 0	 0.00	 0.00	 85.06	 9.60	 186.13	 2.12	 17.00	 2.95	 0.18	MXBMM 
20160424	 6.40	 67.00	 ONO	 5.00	 0.00	 84.37	 9.97	 187.99	 2.49	 17.60	 3.66	 0.27	MXBMM 
20160425	 8.30	 63.00	 0	 0.00	 0.00	 84.42	 10.49	 190.19	 1.95	 18.44	 2.81	 0.17	BABMM 
20160426	 8.00	 87.00	 ONO	 26.00	 0.00	 80.67	 10.67	 192.33	 4.53	 18.73	 6.98	 0.85	AEMMM 
20160427	 6.70	 66.00	 ONO	 38.00	 12.80	 49.41	 5.23	 165.51	 1.03	 9.70	 0.61	 0.01	BABMM 
20160428	 5.00	 65.00	 NO	 4.00	 0.00	 61.68	 5.55	 167.12	 0.55	 10.26	 0.34	 0.00	BMBMM 
20160429	 6.70	 63.00	 0	 0.00	 0.00	 67.94	 5.99	 169.03	 0.59	 11.00	 0.37	 0.00	BMBMM 
20160430	 9.20	 23.00	 NE	 32.00	 0.00	 84.91	 7.17	 171.39	 10.43	 12.99	 11.82	 2.15	AEMMM 
20160501	 6.00	 90.00	 SE	 8.00	 0.00	 80.42	 7.26	 172.17	 1.78	 13.14	 1.83	 0.08	BABMM 
20160502	 9.00	 75.00	 NO	 27.00	 6.00	 51.98	 4.01	 162.42	 0.80	 7.55	 0.42	 0.01	BMBMM 
20160503	 7.20	 60.00	 ONO	 21.00	 0.00	 69.78	 4.44	 163.42	 1.79	 8.31	 0.98	 0.03	BABMM 
20160504	 4.30	 65.00	 SE	 13.00	 0.00	 76.00	 4.68	 163.90	 1.56	 8.74	 0.88	 0.02	BABMM 
20160505	 7.10	 93.00	 SE	 15.00	 0.20	 76.04	 4.75	 164.88	 1.74	 8.87	 0.98	 0.03	BABMM 
20160506	 10.30	 82.00	 0	 0.00	 1.20	 65.96	 5.02	 166.44	 0.55	 9.33	 0.32	 0.00	BMBMM 
20160507	 9.00	 85.00	 0	 0.00	 0.00	 68.03	 5.21	 167.76	 0.59	 9.68	 0.35	 0.00	BMBMM 
20160508	 9.10	 92.00	 SE	 9.00	 0.10	 69.96	 5.32	 169.10	 0.98	 9.86	 0.59	 0.01	BMBMM 
20160509	 7.70	 96.00	 0	 0.00	 0.00	 70.17	 5.36	 170.19	 0.63	 9.95	 0.38	 0.00	BMBMM 
20160510	 10.00	 68.00	 O	 38.00	 0.00	 78.62	 5.82	 171.70	 6.75	 10.73	 7.45	 0.95	AEMMM 
20160511	 12.40	 56.00	 O	 35.00	 0.00	 83.52	 6.59	 173.63	 10.07	 12.03	 11.09	 1.92	AEMMM 
20160512	 10.60	 72.00	 0	 0.00	 0.00	 83.56	 7.01	 175.25	 1.74	 12.74	 1.69	 0.07	BABMM 
20160513	 8.00	 84.00	 NO	 20.00	 0.00	 81.26	 7.20	 176.39	 3.58	 13.06	 4.48	 0.39	AEBMM 
20160514	 6.20	 73.00	 O	 33.00	 4.00	 57.87	 4.43	 170.99	 1.86	 8.32	 1.14	 0.03	BABMM 
20160515	 6.30	 60.00	 NO	 5.00	 0.10	 69.17	 4.81	 171.82	 0.78	 9.00	 0.45	 0.01	BMBMM 
20160516	 5.60	 58.00	 0	 0.00	 0.00	 73.85	 5.18	 172.54	 0.72	 9.63	 0.43	 0.01	BMBMM 
20160517	 7.20	 92.00	 0	 0.00	 6.00	 26.89	 2.47	 162.45	 0.00	 4.75	 0.00	 0.00	BBBMB 
20160518	 9.60	 68.00	 O	 31.00	 1.00	 55.45	 2.91	 163.88	 1.38	 5.57	 0.62	 0.01	BABMB 
20160519	 6.30	 71.00	 0	 0.00	 0.00	 61.54	 3.18	 164.72	 0.45	 6.07	 0.21	 0.00	BBBMB 
20160520	 9.10	 47.00	 O	 22.00	 0.00	 77.57	 3.88	 166.06	 2.76	 7.33	 2.23	 0.11	MXBMM 
20160521	 4.10	 69.00	 SE	 5.00	 0.00	 79.26	 4.09	 166.50	 1.36	 7.70	 0.72	 0.02	BABMM 
20160522	 4.20	 72.00	 0	 0.00	 0.00	 79.74	 4.28	 166.96	 1.11	 8.04	 0.60	 0.01	BABMM 
20160523	 7.10	 66.00	 Var	 3.00	 0.00	 81.01	 4.64	 167.95	 1.48	 8.68	 0.83	 0.02	BABMM 
20160524	 6.50	 86.00	 Var	 4.00	 0.00	 80.13	 4.77	 168.82	 1.41	 8.92	 0.80	 0.02	BABMM 
20160525	 9.30	 76.00	 Var	 4.00	 0.00	 80.53	 5.10	 170.20	 1.47	 9.48	 0.86	 0.02	BABMM 
20160526	 7.40	 72.00	 ONO	 31.00	 4.80	 55.95	 2.81	 163.14	 1.45	 5.39	 0.64	 0.01	BABMB 
20160527	 7.30	 64.00	 N	 19.00	 0.00	 70.71	 3.20	 164.16	 1.67	 6.10	 0.78	 0.02	BABMB 
20160528	 6.30	 81.00	 O	 31.00	 12.00	 38.28	 1.17	 140.01	 0.12	 2.29	 0.04	 0.00	BBBMB 
20160529	 7.40	 62.00	 O	 24.00	 0.00	 62.59	 1.59	 141.04	 1.59	 3.09	 0.56	 0.01	BABMB 
20160530	 0.40	 96.00	 0	 0.00	 1.00	 55.50	 1.59	 141.04	 0.29	 3.10	 0.10	 0.00	BBBMB 
20160531	 1.00	 75.00	 E	 6.00	 4.50	 36.47	 0.34	 134.20	 0.02	 0.67	 0.01	 0.00	BBBBB 
20160601	 -0.80	 77.00	 E	 13.00	 0.00	 49.35	 0.35	 134.20	 0.29	 0.69	 0.07	 0.00	BBBBB 
20160602	 2.60	 69.00	 ESE	 17.00	 0.00	 63.31	 0.48	 134.37	 1.15	 0.96	 0.30	 0.00	BABBB 
20160603	 2.60	 74.00	 SSE	 13.00	 0.00	 70.39	 0.60	 134.54	 1.22	 1.18	 0.33	 0.00	BABBB 
20160604	 2.20	 75.00	 Var	 3.00	 0.00	 73.46	 0.69	 134.64	 0.83	 1.37	 0.23	 0.00	BMBBB 
20160605	 0.80	 96.00	 SO	 7.00	 0.20	 73.50	 0.70	 134.64	 1.01	 1.38	 0.28	 0.00	BABBB 
20160606	 7.00	 52.00	 O	 33.00	 7.00	 56.68	 0.46	 123.28	 1.70	 0.90	 0.44	 0.01	BABBB 
20160607	 4.00	 88.00	 SE	 6.00	 0.00	 61.30	 0.53	 123.71	 0.60	 1.05	 0.16	 0.00	BMBBB 
20160608	 3.70	 77.00	 ONO	 46.00	 15.80	 38.42	 0.13	 93.51	 0.26	 0.26	 0.06	 0.00	BBBBB 
20160609	 -0.30	 96.00	 ESE	 15.00	 0.00	 41.78	 0.13	 93.51	 0.10	 0.27	 0.02	 0.00	BBBBB 
20160610	 -0.90	 92.00	 ESE	 17.00	 16.10	 14.06	 0.00	 64.51	 0.00	 0.00	 0.00	 0.00	BBBBB 
20160611	 -2.60	 78.00	 S	 9.00	 4.00	 20.18	 -0.00	 59.80	 0.00	 0.00	 0.00	 0.00	BBBBB 
20160612	 2.60	 74.00	 O	 22.00	 0.00	 41.86	 0.11	 59.97	 0.15	 0.22	 0.03	 0.00	BBBBB 
20160613	 -2.60	 85.00	 SE	 16.00	 0.00	 50.66	 0.11	 59.97	 0.40	 0.22	 0.09	 0.00	BBBBB 
20160614	 -5.60	 80.00	 SE	 5.00	 0.00	 56.42	 0.11	 59.97	 0.41	 0.22	 0.09	 0.00	BBBBB 
20160615	 -1.40	 74.00	 NO	 5.00	 0.00	 63.19	 0.11	 59.97	 0.63	 0.22	 0.14	 0.00	BMBBB 
20160616	 8.00	 79.00	 O	 33.00	 0.00	 72.44	 0.34	 61.12	 3.59	 0.67	 0.88	 0.02	AEBBB 
20160617	 12.20	 68.00	 NO	 51.00	 0.00	 80.33	 0.84	 63.02	 15.38	 1.62	 7.88	 1.05	AEMBB 
20160618	 12.30	 73.00	 ONO	 26.00	 0.00	 81.51	 1.26	 64.93	 4.98	 2.41	 2.71	 0.16	AEBMB 
20160619	 3.80	 91.00	 O	 21.00	 2.80	 51.99	 0.28	 65.32	 0.59	 0.56	 0.14	 0.00	BMBBB 
20160620	 2.80	 61.00	 ONO	 39.00	 6.50	 47.34	 0.18	 56.08	 0.83	 0.35	 0.19	 0.00	BMBBB 
20160621	 6.30	 61.00	 O	 38.00	 4.00	 54.27	 0.34	 52.30	 1.77	 0.67	 0.43	 0.01	BABBB 
20160622	 6.60	 78.00	 O	 35.00	 1.50	 60.89	 0.54	 53.20	 2.52	 1.05	 0.67	 0.01	MXBBB 
20160623	 3.40	 67.00	 ONO	 20.00	 0.00	 71.32	 0.71	 53.51	 1.79	 1.38	 0.50	 0.01	BABBB 
20160624	 4.20	 38.00	 ONO	 28.00	 0.00	 81.41	 1.10	 53.97	 5.44	 2.09	 2.88	 0.18	AEBMB 
20160625	 6.10	 61.00	 ONO	 53.00	 0.30	 82.77	 1.43	 54.77	 22.65	 2.68	 12.34	 2.32	AEMMB 
20160626	 6.20	 57.00	 ONO	 34.00	 31.00	 47.13	 0.37	 3.87	 0.62	 0.60	 0.15	 0.00	BMBBB 
20160627	 4.80	 73.00	 NO	 38.00	 17.90	 36.79	 0.19	 0.57	 0.12	 0.21	 0.03	 0.00	BBBBB 
20160628	 6.10	 65.00	 NO	 38.00	 4.40	 48.68	 0.30	 0.80	 0.94	 0.31	 0.21	 0.00	BMBBB 
20160629	 4.80	 91.00	 ONO	 32.00	 0.00	 56.87	 0.36	 1.37	 1.64	 0.43	 0.38	 0.00	BABBB 
20160630	 2.30	 91.00	 SE	 18.00	 43.00	 15.80	 0.04	 0.12	 0.00	 0.04	 0.00	 0.00	BBBBB 
20160701	 0.40	 96.00	 0	 0.00	 17.00	 2.52	 0.01	 0.00	 0.00	 0.00	 0.00	 0.00	BBBBB 
20160702	 -2.70	 62.00	 E	 11.00	 1.00	 20.96	 0.01	 0.00	 0.00	 0.00	 0.00	 0.00	BBBBB 
20160703	 -1.50	 64.00	 E	 18.00	 0.00	 41.73	 0.01	 0.00	 0.12	 0.00	 0.02	 0.00	BBBBB 
20160704	 -0.70	 79.00	 SE	 13.00	 0.00	 52.87	 0.02	 0.00	 0.44	 0.00	 0.09	 0.00	BBBBB 
20160705	 1.40	 79.00	 E	 11.00	 0.80	 58.71	 0.08	 0.00	 0.65	 0.00	 0.13	 0.00	BMBBB 
20160706	 2.70	 86.00	 SE	 13.00	 0.00	 64.32	 0.15	 0.19	 0.99	 0.00	 0.20	 0.00	BMBBB 
20160707	 3.60	 84.00	 0	 0.00	 0.00	 66.29	 0.24	 0.54	 0.55	 0.19	 0.12	 0.00	BMBBB 
20160708	 1.30	 86.00	 SE	 13.00	 0.00	 69.58	 0.28	 0.54	 1.19	 0.16	 0.25	 0.00	BABBB 
20160709	 -1.60	 82.00	 S	 7.00	 0.00	 71.92	 0.28	 0.54	 0.95	 0.16	 0.20	 0.00	BMBBB 
20160710	 3.40	 79.00	 NO	 1.00	 0.00	 73.84	 0.40	 0.86	 0.76	 0.33	 0.17	 0.00	BMBBB 
20160711	 12.90	 77.00	 NO	 7.00	 0.00	 77.44	 0.79	 2.88	 1.28	 0.94	 0.33	 0.00	BABBB 
20160712	 5.30	 95.00	 NO	 5.00	 10.00	 22.10	 0.04	 0.66	 0.00	 0.07	 0.00	 0.00	BBBBB 
20160713	 7.20	 92.00	 O	 9.00	 20.00	 10.59	 0.08	 1.00	 0.00	 0.14	 0.00	 0.00	BBBBB 
20160714	 5.31	 81.00	 NO	 31.00	 33.00	 24.63	 0.15	 0.66	 0.00	 0.19	 0.00	 0.00	BBBBB 
20160715	 3.00	 82.00	 Var	 3.00	 0.00	 34.87	 0.24	 0.90	 0.01	 0.29	 0.00	 0.00	BBBBB 
20160716	 3.60	 81.00	 Var	 3.00	 0.00	 44.55	 0.35	 1.26	 0.09	 0.41	 0.02	 0.00	BBBBB 
20160717	 0.80	 82.00	 0	 0.00	 0.00	 48.66	 0.39	 1.26	 0.14	 0.44	 0.03	 0.00	BBBBB 
20160718	 1.80	 83.00	 SE	 9.00	 0.00	 56.83	 0.45	 1.28	 0.51	 0.48	 0.12	 0.00	BMBBB 
20160719	 2.30	 70.00	 SE	 24.00	 0.00	 68.51	 0.58	 1.40	 2.00	 0.56	 0.48	 0.01	BABBB 
20160720	 4.30	 65.00	 ONO	 33.00	 0.00	 76.68	 0.81	 1.88	 4.49	 0.78	 1.49	 0.06	AEBBB 
20160721	 5.30	 78.00	 ONO	 26.00	 0.00	 78.41	 0.99	 2.54	 3.62	 1.00	 0.95	 0.02	AEBBB 
20160722	 0.00	 73.00	 O	 19.00	 25.00	 31.30	 0.04	 0.00	 0.01	 0.00	 0.00	 0.00	BBBBB 
20160723	 1.60	 72.00	 SE	 1.00	 0.00	 41.84	 0.13	 0.00	 0.05	 0.00	 0.01	 0.00	BBBBB 
20160724	 3.50	 48.00	 SE	 11.00	 0.00	 62.00	 0.42	 0.33	 0.80	 0.00	 0.16	 0.00	BMBBB 
20160725	 0.60	 73.00	 0	 0.00	 0.00	 65.54	 0.48	 0.33	 0.54	 0.00	 0.11	 0.00	BMBBB 
20160726	 2.80	 71.00	 ESE	 15.00	 0.00	 72.53	 0.62	 0.54	 1.45	 0.18	 0.31	 0.00	BABBB 
20160727	 3.40	 73.00	 SE	 5.00	 0.00	 75.60	 0.77	 0.86	 1.02	 0.42	 0.24	 0.00	BABBB 
20160728	 4.50	 60.00	 NO	 20.00	 0.00	 79.95	 1.05	 1.37	 3.10	 0.76	 0.78	 0.02	AEBBB 
20160729	 6.20	 69.00	 NO	 33.00	 0.00	 81.21	 1.32	 2.19	 6.84	 1.14	 3.17	 0.21	AEBBB 
20160730	 4.30	 47.00	 O	 37.00	 0.00	 84.03	 1.68	 2.67	 11.91	 1.47	 6.09	 0.67	AEMBB 
20160731	 2.40	 64.00	 0	 0.00	 0.00	 83.94	 1.83	 2.81	 1.83	 1.61	 0.53	 0.01	BABBB 
20160801	 3.30	 70.00	 Var	 3.00	 0.00	 83.38	 2.02	 3.10	 1.97	 1.80	 0.59	 0.01	BABBB 
20160802	 3.60	 57.00	 Var	 3.00	 0.00	 83.50	 2.30	 3.46	 2.00	 2.07	 0.63	 0.01	MXBMB 
20160803	 5.40	 68.00	 NO	 42.00	 1.00	 78.47	 2.59	 4.13	 8.14	 2.39	 4.77	 0.43	AEBMB 
20160804	 8.00	 66.00	 NO	 50.00	 0.00	 81.50	 3.02	 5.28	 16.67	 2.86	 9.77	 1.54	AEMMB 
20160805	 8.90	 83.00	 O	 35.00	 16.40	 39.60	 1.09	 1.31	 0.19	 0.77	 0.05	 0.00	BBBBB 
20160806	 4.40	 86.00	 O	 25.00	 9.00	 26.65	 0.11	 0.50	 0.00	 0.14	 0.00	 0.00	BBBBB 
20160807	 5.30	 65.00	 NO	 31.00	 8.00	 38.89	 0.31	 0.66	 0.13	 0.23	 0.03	 0.00	BBBBB 
20160808	 4.70	 63.00	 SE	 18.00	 0.00	 59.48	 0.61	 1.21	 0.98	 0.50	 0.23	 0.00	BMBBB 
20160809	 5.70	 63.00	 S	 7.00	 0.00	 69.96	 0.97	 1.94	 0.89	 0.87	 0.23	 0.00	BMBBB 
20160810	 3.70	 82.00	 S	 5.00	 0.00	 72.62	 1.09	 2.31	 0.88	 1.01	 0.23	 0.00	BMBBB 
20160811	 5.80	 67.00	 0	 0.00	 0.00	 75.33	 1.41	 3.06	 0.78	 1.34	 0.22	 0.00	BMBBB 
20160812	 5.80	 67.00	 0	 0.00	 0.00	 77.32	 1.73	 3.80	 0.89	 1.67	 0.26	 0.00	BMBBB 
20160813	 6.80	 80.00	 O	 11.00	 0.00	 78.37	 1.95	 4.73	 1.69	 1.93	 0.52	 0.01	BABBB 
20160814	 6.90	 65.00	 O	 33.00	 0.00	 81.20	 2.34	 5.68	 6.84	 2.33	 3.92	 0.31	AEBMB 
20160815	 4.60	 57.00	 ONO	 18.00	 0.00	 82.70	 2.68	 6.21	 3.85	 2.65	 1.95	 0.09	AEBMB 
20160816	 5.40	 59.00	 0	 0.00	 0.00	 83.01	 3.06	 6.89	 1.62	 3.01	 0.57	 0.01	BABMB 
20160817	 7.40	 68.00	 NO	 38.00	 0.00	 83.06	 3.44	 7.92	 11.03	 3.40	 7.19	 0.89	AEMMB 
20160818	 10.20	 58.00	 O	 33.00	 0.00	 84.07	 4.10	 9.46	 9.80	 4.07	 6.87	 0.82	AEMMB 
20160819	 3.90	 47.00	 O	 30.00	 3.00	 67.41	 2.66	 7.42	 2.61	 2.80	 0.90	 0.02	MXBMB 
20160820	 2.40	 54.00	 SE	 6.00	 0.30	 74.80	 2.88	 7.55	 1.03	 2.95	 0.36	 0.00	BABMB 
20160821	 5.70	 35.00	 ESE	 20.00	 0.00	 83.17	 3.50	 8.28	 4.52	 3.48	 2.82	 0.17	AEBMB 
20160822	 4.00	 60.00	 Var	 3.00	 0.00	 83.22	 3.79	 8.71	 1.93	 3.75	 0.74	 0.02	BABMB 
20160823	 11.50	 29.00	 NNO	 17.00	 0.00	 88.13	 5.04	 10.48	 7.73	 4.96	 5.93	 0.64	AEMMB 
20160824	 3.80	 78.00	 ONO	 21.00	 11.00	 39.44	 2.16	 0.39	 0.09	 1.36	 0.03	 0.00	BBBBB 
20160825	 2.90	 55.00	 ONO	 33.00	 0.00	 63.37	 2.41	 0.61	 2.59	 1.66	 0.76	 0.02	MXBBB 
20160826	 6.90	 77.00	 ONO	 43.00	 0.00	 73.33	 2.67	 1.56	 6.16	 2.09	 3.35	 0.23	AEBMB 
20160827	 12.90	 58.00	 ONO	 36.00	 0.20	 81.95	 3.49	 3.59	 8.69	 3.10	 5.56	 0.57	AEBMB 
20160828	 11.10	 63.00	 O	 46.00	 0.00	 83.32	 4.12	 5.29	 17.07	 3.82	 10.89	 1.86	AEMMB 
20160829	 8.30	 63.00	 O	 50.00	 0.00	 83.36	 4.61	 6.49	 21.01	 4.35	 13.40	 2.69	AEMMM 
20160830	 5.10	 82.00	 O	 7.00	 4.00	 47.22	 2.50	 3.03	 0.16	 2.18	 0.05	 0.00	BBBMB 
20160831	 5.10	 47.00	 E	 14.00	 0.00	 67.25	 2.96	 3.65	 1.16	 2.65	 0.39	 0.01	BABMB 
20160901	 2.50	 70.00	 NE	 5.00	 0.00	 72.40	 3.14	 3.80	 0.87	 2.82	 0.30	 0.00	BMBMB 
